579 725
2879 661
1142 1010
1317 582
1500 1018
10 137
1425 884
2988 646
2582 943
1318 1066
1096 705
270 244
29 836
829 1015
1999 24
2470 484
2473 1053
3105 628
2363 278
2480 525
2482 829
1364 143
1965 879
3396 629
2112 469
794 931
41 60
135 992
883 64
609 198
73 435
1441 155
857 96
1223 1108
2788 1065
13 55
89 509
3334 970
1974 766
555 533
406 543
220 158
2306 828
563 100
1809 623
2104 660
143 688
2565 1050
181 886
2523 1041
1495 98
1786 385
194 811
1030 1081
1791 971
474 406
942 226
271 296
1199 512
1884 652
826 39
244 497
336 900
1238 185
209 1083
2061 567
243 13
3755 456
2721 108
3817 453
3599 316
2807 457
2265 846
254 190
817 787
1913 881
821 812
1625 739
2580 335
1162 1086
677 804
85 139
335 303
2589 199
16 822
617 994
2698 35
342 737
744 273
116 455
1844 382
356 718
2575 1043
3546 647
1826 275
1915 532
1768 1031
3513 142
599 495
369 685
2579 374
358 424
2001 699
3432 1055
2774 615
2371 404
75 1049
1839 920
3703 790
2249 644
3557 789
408 366
186 400
226 133
1696 649
1299 550
1205 639
3181 280
823 1113
2613 752
439 815
781 238
2839 1058
1558 1032
2867 618
1989 707
3201 1024
2549 883
2620 889
3450 1071
1509 964
2151 821
508 200
2949 833
1132 585
2625 982
2212 609
592 301
830 502
227 1006
302 899
962 933
1082 438
1124 5
695 690
458 95
2176 481
217 331
923 786
523 979
1179 545
2968 796
447 380
2113 25
296 1033
200 54
552 603
2102 541
2459 231
1640 703
2699 242
1268 844
2662 912
1436 778
2501 122
3248 311
28 396
2017 857
619 808
1069 741
1289 222
622 755
2827 515
2633 963
2545 326
1591 984
835 806
3494 393
646 128
859 530
659 490
2673 176
246 678
3574 0
306 577
337 304
207 368
3502 459
653 259
694 1042
700 1094
2683 534
2684 765
2415 872
427 1105
1288 61
3182 1013
730 130
2688 717
2152 780
2641 987
748 923
2573 606
2440 917
824 40
1405 260
355 240
784 592
1964 258
386 711
2044 709
90 508
2471 658
1239 827
3346 1107
320 369
3839 1069
811 333
437 7
241 17
2530 43
1645 819
839 676
848 1070
851 751
142 906
864 103
778 261
1966 876
868 750
664 1037
2029 1023
255 67
2719 45
2849 1067
3063 314
896 16
2628 49
974 695
2045 51
169 107
282 192
2919 810
1666 58
598 209
2657 1098
919 720
1492 452
932 15
809 224
1126 600
757 834
721 632
1723 1016
2742 410
954 74
1165 364
968 537
607 407
168 845
972 696
981 549
3775 594
1197 285
1992 631
3320 980
949 922
995 547
1198 82
530 310
3633 281
134 826
460 69
107 213
2485 1029
1722 1017
2845 427
415 1060
3203 713
1016 57
1218 556
704 422
1908 776
2723 573
228 345
62 397
432 636
725 989
1855 681
2776 580
1658 1095
745 20
1059 570
5 1089
3771 791
1933 306
1632 858
2993 1100
1242 722
2225 602
647 439
675 443
1088 338
3810 932
2963 171
1402 757
736 341
2057 379
1307 113
3413 587
2924 1079
3102 361
1113 824
3640 291
2182 377
1122 340
1128 591
1893 23
1967 473
2733 330
1260 544
3007 1007
3424 36
201 634
340 596
1867 416
3062 986
2634 298
905 518
3837 916
709 797
2537 412
3177 516
735 346
2796 411
1792 433
2 12
928 430
2307 250
1735 552
7 398
2412 902
2479 318
2308 745
2160 115
3712 918
1614 284
262 293
204 442
3641 863
2842 731
2494 78
3326 1063
535 859
1098 536
2150 10
2146 521
1212 168
114 898
1254 506
303 494
3136 732
938 663
3581 908
2989 565
283 874
3056 297
2829 637
2713 510
1359 62
1468 622
1009 312
1332 728
3130 627
78 436
678 432
1263 1014
1267 851
1574 236
1272 1104
3601 689
3323 1085
1280 241
1757 217
1021 1052
966 635
1970 299
2865 768
1329 733
1297 551
1878 675
265 542
2490 81
218 698
2296 287
1306 118
2883 302
687 319
3604 106
443 33
1312 507
301 583
76 4
1008 315
3606 657
2475 188
3287 1034
3759 697
338 305
1650 947
2908 1076
2890 968
734 960
3587 201
1346 448
1313 325
1622 1022
3235 125
1353 1062
3331 625
101 850
422 429
1347 447
2192 1009
1787 758
1801 562
2586 1028
1827 413
866 97
2692 973
1637 313
3642 861
247 677
398 546
2708 2
1292 227
1235 355
2034 6
1493 99
2928 392
1387 666
877 88
1400 563
662 589
961 788
3727 985
3624 14
1215 919
1505 356
2588 559
2360 488
2736 571
66 372
1489 842
558 308
2970 373
1771 148
8 329
2219 466
1541 653
841 945
661 256
2953 204
2954 160
154 203
2153 997
2680 522
626 492
132 524
759 332
2105 3
1097 334
570 614
1633 257
1670 1073
15 138
2493 63
310 56
1490 463
2962 170
1294 409
3178 991
999 897
1181 527
929 90
2058 378
3774 885
2964 680
1469 289
2594 569
2177 493
92 1025
1161 286
440 756
950 769
1497 219
1861 841
2631 838
3538 475
3179 483
944 983
1413 672
3867 1092
1816 387
3883 805
1660 251
655 129
1560 514
3638 140
1470 292
1290 225
1772 554
3620 832
2903 270
1572 164
1575 616
2124 700
1283 34
2439 471
902 519
1085 743
1401 560
3429 274
3126 266
3562 29
2902 572
1123 574
711 1048
1599 528
1070 71
1531 141
61 223
2999 1035
1852 593
1610 479
2252 145
3000 925
2850 887
1613 283
1758 777
2260 440
1616 513
1619 1054
2843 564
221 154
881 706
1326 643
2350 794
1644 818
284 734
1224 772
2502 426
231 194
3011 202
2039 175
330 843
1655 491
155 1038
766 1101
1968 877
2498 196
1025 531
3748 714
2154 998
1445 1110
2378 172
1418 608
1291 230
1678 1117
3006 187
2326 399
275 189
3005 946
1628 186
1194 42
2359 1082
572 1102
813 648
80 178
325 878
435 221
2486 420
444 814
1917 910
3024 460
1375 1077
3180 1011
219 511
344 87
1836 358
2926 348
334 462
996 548
2139 195
40 343
1471 691
2129 132
1766 454
1728 847
3869 692
1022 449
2707 975
3585 517
1371 262
2254 144
2230 149
1507 654
3480 941
3686 773
1178 823
2592 630
831 161
2491 75
1389 668
370 116
3231 120
2342 744
385 764
3673 566
976 327
801 895
1785 759
1788 640
1790 434
133 482
833 1045
1797 870
115 753
2205 831
858 162
565 59
136 579
1649 92
548 30
1036 451
242 468
525 894
3058 282
897 927
123 104
3894 754
1835 357
2064 798
1111 322
800 749
814 370
2438 177
1089 339
1047 381
2313 212
1323 869
46 1061
341 151
1824 272
1488 268
1305 892
963 708
313 84
1709 166
3075 792
364 928
374 719
1739 248
1017 501
1703 324
232 153
1972 1106
656 1001
3685 974
2441 891
2074 903
1764 157
2858 950
3496 529
1882 235
1573 163
1669 1072
1777 1064
1969 300
2996 352
885 642
2462 584
3815 279
1501 174
1356 694
1902 801
416 111
1576 417
1904 538
2891 967
2117 779
629 362
2142 441
2612 813
376 965
1991 496
2167 498
1206 540
1281 500
1914 913
1061 269
2685 620
1079 942
38 41
496 1047
2375 1046
3129 480
852 307
1374 205
377 405
1243 701
3693 337
1654 1093
1845 645
1155 924
788 520
2316 476
2489 76
1041 265
934 218
2852 888
1810 729
32 211
3878 656
2250 1012
2033 277
2697 849
2464 619
27 966
3639 860
2344 179
1373 664
418 774
660 499
763 1078
269 431
39 70
1951 1051
1952 486
1054 940
1377 48
510 1026
234 978
111 597
2026 867
3276 263
1264 817
461 588
3891 909
1639 830
1148 662
1315 474
3807 939
627 854
44 767
235 127
946 621
1986 687
970 1000
210 599
3317 1115
761 27
1778 32
907 1059
3705 972
3372 425
1752 1080
3204 893
2772 911
1220 724
2169 782
2011 112
1149 760
1621 784
2947 152
511 50
2590 702
2513 988
2778 951
536 135
2749 18
2051 384
180 464
1905 568
806 1019
637 809
1527 856
1623 962
3303 693
2297 882
361 66
2938 359
1382 1027
1237 1040
606 376
248 344
1657 390
1817 383
3101 959
1266 19
2158 207
2487 742
2361 659
953 77
104 46
1222 1097
379 604
103 896
2233 558
924 993
2082 783
2206 613
1362 955
2071 581
783 237
1319 197
3230 121
3197 763
233 781
3825 930
297 561
710 110
2101 785
2048 386
1298 44
2106 840
733 131
259 89
2111 470
2114 1084
81 437
1510 890
2116 68
1328 875
2076 952
1475 803
1027 252
732 921
2228 395
1828 402
2161 208
602 590
701 526
1719 461
1553 101
3065 865
3175 363
791 727
2623 1075
3061 800
1110 535
1419 607
3501 458
165 864
2143 65
3263 503
3222 682
2832 353
1549 28
195 11
429 8
3226 350
1230 114
2164 467
524 267
465 365
1519 595
1954 1004
3709 156
1866 740
343 937
2773 180
1556 445
1172 22
2957 671
1875 651
3233 347
2063 799
2274 233
3225 354
2198 611
224 1003
2622 956
1907 1020
2110 873
173 601
1465 770
1508 1091
2472 485
2287 245
2423 255
1973 853
1912 880
1091 126
250 216
256 295
2270 93
288 191
2202 477
948 612
3681 555
2709 117
952 465
1697 650
2209 684
870 504
1963 816
1388 667
1153 553
2762 418
3246 349
1825 53
1146 761
2484 193
223 136
2067 954
2277 421
1746 726
3336 605
2826 419
623 150
2232 391
324 839
2605 1116
481 264
1494 102
3293 320
615 47
2237 578
230 446
3184 505
529 1074
643 183
2246 735
2240 1114
2700 905
2744 31
2149 996
689 489
323 871
2626 961
3356 633
782 239
1663 575
669 444
738 342
2536 415
3567 935
943 38
3283 977
2386 539
1789 83
773 1005
2468 704
1664 626
414 9
1687 94
715 146
1776 557
1390 669
1761 936
2097 321
3227 1044
3295 598
836 807
1152 73
2955 328
965 576
1579 389
509 1036
2825 638
2314 214
2275 167
1627 173
2261 1096
1151 762
2090 746
997 351
2812 673
1540 1088
319 91
1720 243
904 1099
2023 159
641 124
2460 586
2913 990
1652 72
3264 317
1853 246
3174 1
2815 683
1569 247
1032 1090
462 109
3267 1057
2309 748
2310 712
2717 716
1578 617
312 26
2191 215
2315 670
2941 428
3533 1109
628 123
407 1068
2324 934
1363 926
722 914
2959 450
2855 184
2956 721
2267 771
939 938
2331 290
971 1111
258 995
1164 276
3468 901
1369 523
802 147
3044 165
3322 747
2343 181
2346 775
541 375
1662 79
899 949
3333 948
1316 852
360 969
822 795
1946 999
1231 793
3901 323
969 1002
856 423
982 37
723 206
3338 686
477 234
45 367
2365 1021
747 820
1276 249
1482 730
562 907
1214 169
2370 408
2374 641
2729 866
513 1103
1524 388
1219 981
286 294
1516 403
1840 371
2746 802
764 86
1865 835
935 253
72 848
2380 738
236 710
1442 1008
2516 944
359 52
3140 478
1774 1030
3200 360
1798 134
978 624
118 80
2851 401
2078 953
2236 904
2073 414
1834 655
3565 915
268 929
2982 182
930 862
583 254
2410 1056
1427 837
272 309
392 21
64 957
187 228
1064 336
937 723
1029 210
1928 1087
1050 976
2231 958
625 394
2125 220
1953 487
291 229
2432 1112
1102 825
2492 85
3556 1039
2606 715
260 472
1491 271
727 610
3031 736
225 232
2159 119
843 105
245 679
2456 855
2295 288
309 674
1552 868
1376 665
