3601 689
2662 912
1199 512
3326 1063
2313 212
2776 580
1541 653
111 597
1218 556
269 431
2839 1058
961 788
1904 538
1786 385
398 546
953 77
2026 867
3267 1057
962 933
256 295
407 1068
244 497
1720 243
1427 837
1893 23
2956 721
2749 18
3686 773
1644 818
1326 643
364 928
246 678
218 698
320 369
1952 486
2633 963
2078 953
1292 227
1305 892
2017 857
2849 1067
2492 85
602 590
3180 1011
1332 728
1235 355
1291 230
647 439
243 13
242 468
3565 915
2212 609
541 375
3567 935
2913 990
2842 731
3203 713
3227 1044
2908 1076
2685 620
2723 573
3140 478
3557 789
1797 870
677 804
965 576
2101 785
1128 591
800 749
655 129
284 734
744 273
3263 503
1969 300
2225 602
319 91
1974 766
41 60
2067 954
2867 618
811 333
730 130
10 137
2051 384
3246 349
864 103
3044 165
3177 516
1801 562
2146 521
2762 418
1264 817
2626 961
1165 364
1640 703
3673 566
2850 887
2045 51
1664 626
2807 457
1442 1008
3336 605
1230 114
209 1083
92 1025
2231 958
592 301
509 1036
248 344
3429 274
1022 449
809 224
1178 823
710 110
2260 440
1436 778
2473 1053
3264 317
2326 399
856 423
3513 142
1746 726
1865 835
715 146
3450 1071
1768 1031
118 80
946 621
1828 402
513 1103
851 751
225 232
165 864
2772 911
877 88
3056 297
2412 902
1908 776
1933 306
2161 208
824 40
133 482
2684 765
416 111
1905 568
2001 699
1376 665
2582 943
727 610
3705 972
1655 491
1610 479
461 588
195 11
733 131
2826 419
695 690
61 223
1836 358
801 895
1445 1110
1953 487
3174 1
2719 45
628 123
2371 404
1766 454
2796 411
570 614
306 577
1907 1020
2309 748
341 151
1389 668
259 89
1027 252
3283 977
437 7
932 15
1670 1073
3502 459
2954 160
2928 392
1657 390
1508 1091
374 719
44 767
1468 622
976 327
802 147
1102 825
2613 752
2744 31
1789 83
296 1033
1388 667
1206 540
2594 569
73 435
1556 445
823 1113
2438 177
836 807
3815 279
734 960
747 820
168 845
40 343
609 198
255 67
2111 470
114 898
2774 615
1122 340
1294 409
1243 701
2501 122
3075 792
443 33
2545 326
235 127
664 1037
2523 1041
