13 55
2683 534
217 331
3815 279
3837 916
2988 646
3807 939
907 1059
1658 1095
225 232
1840 371
773 1005
1510 890
286 294
2 12
1778 32
607 407
2017 857
2026 867
1552 868
447 380
3604 106
1614 284
104 46
2890 968
1299 550
3538 475
103 896
407 1068
1142 1010
66 372
1553 101
1149 760
2252 145
3062 986
722 914
836 807
2891 967
2498 196
2523 1041
221 154
135 992
2231 958
678 432
2143 65
628 123
41 60
1021 1052
1951 1051
935 253
2459 231
458 95
3396 629
27 966
826 39
1786 385
997 351
1654 1093
2606 715
1272 1104
3759 697
2110 873
1025 531
883 64
2033 277
1774 1030
1616 513
3180 1011
822 795
2071 581
275 189
155 1038
231 194
2023 159
3276 263
2926 348
2827 515
2159 119
1531 141
1798 134
2438 177
2315 670
3031 736
1353 1062
1678 1117
269 431
1569 247
3101 959
2029 1023
2879 661
1082 438
3810 932
5 1089
1197 285
341 151
3136 732
2177 493
1788 640
655 129
2324 934
2746 802
1326 643
386 711
474 406
905 518
932 15
801 895
721 632
3248 311
72 848
481 264
899 949
2736 571
2265 846
3293 320
1490 463
3372 425
763 1078
904 1099
929 90
1845 645
340 596
1855 681
1153 553
2191 215
1027 252
3005 946
1964 258
2605 1116
1290 225
236 710
2829 637
3230 121
2673 176
3429 274
248 344
3178 991
2240 1114
296 1033
660 499
1374 205
40 343
1315 474
324 839
841 945
1625 739
260 472
1834 655
385 764
1797 870
930 862
2487 742
858 162
416 111
1289 222
1917 910
1739 248
978 624
2314 214
1875 651
3638 140
465 365
2412 902
725 989
1928 1087
602 590
643 183
1866 740
510 1026
2762 418
2549 883
2153 997
1373 664
629 362
2151 821
2246 735
1801 562
335 303
247 677
1772 554
1098 536
2432 1112
2620 889
1826 275
1306 118
1427 837
942 226
1852 593
996 548
1785 759
325 878
1359 62
946 621
3267 1057
852 307
1491 271
2261 1096
1465 770
1728 847
1777 1064
1844 382
2968 796
224 1003
1623 962
1329 733
123 104
1445 1110
2812 673
1268 844
1319 197
10 137
408 366
1254 506
1628 186
111 597
1817 383
2182 377
2129 132
227 1006
2051 384
1556 445
1757 217
2114 1084
