2662 912
227 1006
3320 980
2482 829
1825 53
2191 215
3878 656
2233 558
1610 479
905 518
1016 57
1061 269
1041 265
1986 687
1069 741
2110 873
78 436
1575 616
1573 163
1475 803
338 305
224 1003
1792 433
243 13
2374 641
1082 438
725 989
1212 168
1491 271
1288 61
1470 292
1030 1081
1560 514
1852 593
3894 754
1644 818
250 216
1347 447
1752 1080
1098 536
260 472
2628 49
1576 417
687 319
548 30
2161 208
821 812
3140 478
392 21
2270 93
1155 924
1855 681
1703 324
92 1025
524 267
1312 507
1500 1018
369 685
440 756
2033 277
2462 584
1884 652
778 261
3102 361
1329 733
3063 314
1280 241
1746 726
1266 19
641 124
2827 515
2439 471
1088 338
2626 961
1787 758
2231 958
1697 650
660 499
1952 486
133 482
1810 729
1625 739
3182 1013
1875 651
44 767
2287 245
833 1045
1488 268
1614 284
3197 763
3685 974
255 67
2692 973
2198 611
3891 909
2202 477
1328 875
1359 62
981 549
814 370
858 162
2962 170
2891 967
1824 272
1017 501
3005 946
1507 654
826 39
2744 31
1678 1117
319 91
565 59
444 814
2957 671
201 634
1091 126
1376 665
817 787
700 1094
709 797
1008 315
186 400
1165 364
555 533
3248 311
1951 1051
1666 58
1798 134
1276 249
3105 628
695 690
207 368
1549 28
1267 851
1260 544
747 820
1387 666
736 341
852 307
939 938
3225 354
2954 160
2151 821
877 88
1655 491
3356 633
3227 1044
1122 340
2058 378
839 676
1789 83
1791 971
1531 141
1501 174
244 497
374 719
857 96
806 1019
2252 145
1149 760
377 405
3581 908
934 218
414 9
1660 251
1242 722
1933 306
