3685 974
282 192
629 362
856 423
134 826
3413 587
704 422
173 601
2631 838
2498 196
39 70
1986 687
416 111
1306 118
643 183
2723 573
660 499
2470 484
689 489
1153 553
335 303
1214 169
2680 522
1243 701
3502 459
1560 514
3817 453
1387 666
1654 1093
2097 321
836 807
2825 638
1578 617
1576 417
2061 567
325 878
1696 649
1505 356
1198 82
3825 930
1951 1051
511 50
2698 35
877 88
3468 901
2772 911
1549 28
2472 485
2516 944
555 533
3709 156
3640 291
1482 730
2662 912
114 898
242 468
2982 182
3225 354
2202 477
265 542
2307 250
2146 521
661 256
1660 251
1558 1032
2149 996
778 261
563 100
535 859
2001 699
3230 121
218 698
2361 659
937 723
1347 447
3587 201
320 369
2858 950
358 424
641 124
1507 654
2324 934
432 636
2167 498
2628 49
1194 42
669 444
864 103
15 138
440 756
3056 297
1098 536
968 537
418 774
2314 214
1212 168
323 871
407 1068
398 546
135 992
195 11
3620 832
477 234
966 635
221 154
1276 249
2205 831
3771 791
2048 386
2573 606
1017 501
976 327
1509 964
336 900
1492 452
2491 75
1230 114
1616 513
1621 784
1356 694
3450 1071
3331 625
1382 1027
3129 480
791 727
275 189
2492 85
2594 569
541 375
3494 393
687 319
3681 555
1124 5
2102 541
232 153
759 332
187 228
2970 373
2484 193
3557 789
2746 802
2685 620
2586 1028
3867 1092
2182 377
2114 1084
619 808
2261 1096
136 579
1375 1077
1789 83
656 1001
101 850
2719 45
2530 43
227 1006
3396 629
1540 1088
954 74
1405 260
783 237
107 213
3031 736
961 788
3007 1007
735 346
530 310
2456 855
1148 662
3179 483
2490 81
44 767
2313 212
843 105
1933 306
981 549
310 56
377 405
2633 963
824 40
814 370
2439 471
3496 529
969 1002
1054 940
1402 757
525 894
3501 458
1069 741
1524 388
2374 641
700 1094
3203 713
1178 823
1703 324
1652 72
3226 350
3705 972
883 64
646 128
999 897
3175 363
2270 93
950 769
1866 740
2112 469
78 436
2124 700
2692 973
3222 682
2626 961
1827 413
3703 790
806 1019
2487 742
3233 347
1280 241
408 366
764 86
123 104
2812 673
1966 876
1572 164
