2493 63
45 367
2228 395
1242 722
338 305
1644 818
3709 156
1774 1030
1917 910
2955 328
219 511
2462 584
1267 851
1778 32
937 723
220 158
897 927
3293 320
2149 996
3075 792
385 764
592 301
757 834
61 223
1128 591
3574 0
3102 361
1032 1090
1332 728
1627 173
622 755
1758 777
1082 438
725 989
1329 733
2158 207
1079 942
3024 460
2090 746
1047 381
3673 566
1297 551
2641 987
282 192
1025 531
3606 657
1470 292
1853 246
978 624
1288 61
1771 148
118 80
324 839
330 843
2105 3
1164 276
948 612
1165 364
3810 932
2034 6
2516 944
619 808
3599 316
41 60
3200 360
3807 939
2989 565
530 310
761 27
660 499
1153 553
744 273
107 213
427 1105
835 806
1316 852
1861 841
481 264
1621 784
416 111
1852 593
2721 108
262 293
2125 220
272 309
2045 51
3581 908
1999 24
8 329
29 836
1663 575
2306 828
3703 790
968 537
962 933
3129 480
1111 322
856 423
44 767
3557 789
2142 441
817 787
1362 955
1290 225
254 190
2962 170
1875 651
1766 454
2631 838
1490 463
570 614
