111 597
230 446
1865 835
104 46
3338 686
45 367
3513 142
2606 715
3755 456
1966 876
3179 483
3538 475
2641 987
2410 1056
2698 35
2250 1012
1951 1051
2365 1021
995 547
1774 1030
2350 794
398 546
2586 1028
2033 277
3323 1085
976 327
625 394
275 189
3063 314
972 696
1243 701
377 405
949 922
2956 721
868 750
3815 279
3226 350
809 224
2104 660
3432 1055
2744 31
1070 71
1619 1054
2489 76
1645 819
1649 92
617 994
1126 600
965 576
2827 515
1915 532
3287 1034
66 372
10 137
3267 1057
1827 413
1151 762
3177 516
938 663
622 755
1328 875
1374 205
1662 79
1771 148
1489 842
1263 1014
3204 893
2363 278
1471 691
268 929
1268 844
309 674
1128 591
2464 619
1132 585
829 1015
3276 263
458 95
2044 709
118 80
2306 828
1834 655
3062 986
773 1005
2713 510
2721 108
570 614
2883 302
1371 262
1382 1027
1016 57
1306 118
2963 171
1490 463
2067 954
2275 167
2206 613
1501 174
3200 360
2588 559
286 294
2657 1098
2082 783
1266 19
1828 402
2700 905
824 40
1152 73
1627 173
1902 801
721 632
939 938
3000 925
2492 85
16 822
934 218
830 502
2017 857
661 256
2903 270
962 933
2634 298
2057 379
653 259
3642 861
2265 846
1505 356
3182 1013
710 110
961 788
2613 752
1153 553
1772 554
2709 117
246 678
745 20
1436 778
1359 62
465 365
2146 521
2182 377
552 603
422 429
1488 268
3712 918
1298 44
1283 34
1491 271
1785 759
727 610
2101 785
969 1002
3494 393
1835 357
1495 98
2472 485
414 9
1329 733
541 375
598 209
563 100
439 815
3771 791
536 135
1904 538
3810 932
32 211
2778 951
2159 119
2891 967
1291 230
13 55
2865 768
2733 330
3065 865
3869 692
306 577
3620 832
407 1068
462 109
1264 817
1326 643
1353 1062
1122 340
72 848
1050 976
2296 287
1318 1066
1893 23
2102 541
2164 467
217 331
2913 990
258 995
700 1094
1697 650
187 228
2440 917
1824 272
2988 646
599 495
1663 575
615 47
1281 500
386 711
864 103
2490 81
3533 1109
1845 645
764 86
2982 182
3295 598
2501 122
2331 290
3203 713
2423 255
2959 450
1441 155
1146 761
2829 637
1657 390
2867 618
1419 607
