207 368
924 993
2106 840
625 394
2074 903
2228 395
3640 291
2890 968
1951 1051
856 423
1390 669
1507 654
271 296
1215 919
858 162
1363 926
92 1025
1237 1040
1061 269
370 116
115 753
1123 574
1238 185
1835 357
824 40
2316 476
136 579
337 304
301 583
1746 726
3839 1069
602 590
288 191
1288 61
2879 661
583 254
1491 271
154 203
963 708
3203 713
1373 664
3222 682
1915 532
764 86
195 11
3883 805
1243 701
3817 453
843 105
1047 381
2063 799
966 635
548 30
2143 65
3006 187
1776 557
1413 672
3869 692
1223 1108
2249 644
2502 426
1839 920
607 407
1766 454
659 490
241 17
134 826
2688 717
361 66
2078 953
1346 448
1645 819
1824 272
1788 640
656 1001
2464 619
3837 916
234 978
3174 1
1865 835
1281 500
2191 215
1082 438
3641 863
2246 735
2260 440
2149 996
2287 245
2250 1012
3356 633
1469 289
2313 212
2968 796
2439 471
2261 1096
1022 449
429 8
968 537
599 495
2941 428
2090 746
541 375
738 342
221 154
81 437
3450 1071
801 895
2232 391
408 366
3703 790
2011 112
1610 479
555 533
3338 686
943 38
1181 527
3346 1107
1969 300
2324 934
2807 457
1928 1087
3712 918
1359 62
3513 142
1761 936
369 685
1632 858
1283 34
1662 79
722 914
3044 165
2146 521
3709 156
2594 569
1021 1052
1110 535
946 621
523 979
2622 956
2588 559
1591 984
3225 354
1670 1073
2468 704
615 47
1468 622
2310 712
3581 908
1401 560
2230 149
2953 204
2192 1009
1165 364
3323 1085
173 601
1524 388
1290 225
1272 1104
2152 780
2110 873
313 84
3233 347
1307 113
235 127
2549 883
629 362
1091 126
