1382 1027
1061 269
427 1105
2076 952
217 331
530 310
2167 498
1660 251
2493 63
963 708
944 983
510 1026
2489 76
359 52
2212 609
1875 651
2111 470
761 27
1178 823
2441 891
2270 93
15 138
432 636
268 929
2090 746
1199 512
961 788
1902 801
2360 488
929 90
415 1060
1633 257
291 229
677 804
3063 314
1219 981
1085 743
3681 555
3538 475
1500 1018
2625 982
813 648
1766 454
1991 496
1578 617
2202 477
1162 1086
2941 428
1697 650
1623 962
897 927
142 906
2161 208
757 834
1179 545
2713 510
1008 315
1266 19
1541 653
1373 664
78 436
2955 328
809 224
966 635
625 394
701 526
223 136
3000 925
2536 415
784 592
227 1006
3179 483
541 375
3338 686
250 216
2350 794
3226 350
997 351
1307 113
3703 790
2575 1043
969 1002
2890 968
2160 115
3640 291
843 105
228 345
1720 243
1494 102
3058 282
2287 245
738 342
822 795
3496 529
2620 889
3323 1085
13 55
965 576
1491 271
3638 140
2412 902
1089 339
1552 868
1844 382
355 240
1490 463
2908 1076
2879 661
3011 202
3180 1011
2438 177
