1621 784
2370 408
2158 207
3136 732
3633 281
2908 1076
181 886
1297 551
1639 830
1235 355
1096 705
902 519
3557 789
1281 500
1866 740
2102 541
1016 57
32 211
2612 813
355 240
3681 555
1954 1004
2549 883
2161 208
606 376
2545 326
1197 285
341 151
1363 926
1122 340
695 690
727 610
813 648
286 294
2125 220
427 1105
995 547
3424 36
2343 181
710 110
306 577
359 52
3200 360
1553 101
1973 853
646 128
1623 962
1640 703
3248 311
201 634
1224 772
3222 682
1267 851
392 21
186 400
1697 650
1419 607
629 362
1146 761
1991 496
1413 672
2423 255
2117 779
883 64
2159 119
1785 759
3712 918
2484 193
788 520
2858 950
694 1042
997 351
641 124
715 146
2680 522
142 906
821 812
1790 434
2883 302
548 30
2825 638
2482 829
1126 600
2236 904
1622 1022
1968 877
1070 71
27 966
13 55
1069 741
1834 655
1179 545
3587 201
1882 235
2150 10
3105 628
1678 1117
2275 167
1212 168
432 636
508 200
2776 580
773 1005
1329 733
2631 838
2537 412
81 437
1373 664
2826 419
3755 456
2989 565
