711 1048
2839 1058
231 194
1102 825
2746 802
1113 824
1788 640
2074 903
374 719
2439 471
3705 972
1540 1088
2565 1050
3323 1085
3006 187
1032 1090
1490 463
1719 461
859 530
370 116
2110 873
223 136
2343 181
2684 765
64 957
408 366
3197 763
982 37
1254 506
2058 378
821 812
2308 745
3333 948
1231 793
1317 582
3075 792
422 429
715 146
2265 846
3181 280
2001 699
1553 101
1619 1054
269 431
664 1037
2161 208
260 472
2673 176
2989 565
2744 31
721 632
1633 257
3062 986
1999 24
2212 609
187 228
1965 879
1418 608
1465 770
3024 460
1061 269
2423 255
1122 340
928 430
5 1089
802 147
2113 25
2063 799
3494 393
1973 853
2061 567
364 928
2708 2
2177 493
2380 738
1197 285
3468 901
2440 917
877 88
2498 196
3567 935
2742 410
2176 481
268 929
510 1026
2044 709
1764 157
1825 53
1492 452
1153 553
2594 569
2274 233
496 1047
1836 358
1556 445
2459 231
1801 562
3891 909
2252 145
398 546
2626 961
2029 1023
2879 661
204 442
359 52
2198 611
2625 982
2460 586
3235 125
2832 353
2169 782
