265 542
2778 951
598 209
3727 985
2039 175
1260 544
228 345
2116 68
548 30
899 949
1510 890
2825 638
1148 662
1222 1097
209 1083
2993 1100
16 822
1875 651
996 548
3062 986
1098 536
2723 573
932 15
2063 799
465 365
2472 485
337 304
1405 260
1844 382
3044 165
1281 500
1797 870
200 54
1070 71
2883 302
187 228
2858 950
2623 1075
929 90
3346 1107
2493 63
1639 830
1290 225
3200 360
563 100
1291 230
3295 598
3601 689
2684 765
2698 35
2680 522
286 294
78 436
1722 1017
1388 667
1122 340
1664 626
1064 336
226 133
923 786
2233 558
2851 401
1986 687
948 612
1305 892
2673 176
3633 281
1382 1027
297 561
3204 893
3775 594
821 812
1746 726
3227 1044
1599 528
1142 1010
2919 810
1623 962
1828 402
1491 271
1764 157
738 342
2230 149
759 332
1347 447
1720 243
3639 860
695 690
3056 297
2962 170
2164 467
355 240
1973 853
2717 716
439 815
981 549
1569 247
907 1059
2492 85
1317 582
1471 691
1824 272
721 632
2440 917
370 116
2634 298
364 928
2246 735
3058 282
2313 212
2314 214
