3372 425
643 183
3065 865
1326 643
1826 275
1697 650
848 1070
830 502
1267 851
511 50
2708 2
2202 477
3681 555
1124 5
953 77
1735 552
38 41
1497 219
1777 1064
615 47
2938 359
677 804
823 1113
1861 841
288 191
268 929
1009 312
2749 18
2361 659
2152 780
1991 496
1230 114
432 636
1388 667
2573 606
759 332
2287 245
2101 785
115 753
1222 1097
2709 117
1766 454
946 621
829 1015
1967 473
324 839
39 70
2843 564
970 1000
1475 803
508 200
2842 731
309 674
833 1045
40 343
1153 553
1266 19
2462 584
995 547
1085 743
548 30
3774 885
337 304
1371 262
2432 1112
2733 330
2625 982
2106 840
1816 387
2626 961
2673 176
1797 870
2104 660
355 240
2729 866
662 589
1017 501
272 309
1021 1052
2628 49
2699 242
335 303
2191 215
3225 354
1591 984
3771 791
3331 625
1231 793
2826 419
637 809
562 907
1030 1081
735 346
301 583
1928 1087
104 46
3197 763
1664 626
806 1019
2105 3
269 431
291 229
1089 339
427 1105
2947 152
1353 1062
1441 155
340 596
678 432
2048 386
734 960
530 310
809 224
2309 748
2890 968
1264 817
2412 902
1827 413
1963 816
3501 458
2342 744
3007 1007
629 362
1146 761
111 597
2493 63
2796 411
2963 171
1625 739
2440 917
2827 515
609 198
3203 713
2380 738
1268 844
821 812
2236 904
2039 175
3450 1071
1332 728
414 9
2169 782
1907 1020
2641 987
142 906
1254 506
2113 25
1162 1086
1912 880
1297 551
29 836
563 100
2176 481
2807 457
169 107
997 351
1639 830
3175 363
2486 420
3599 316
250 216
1289 222
1875 651
3317 1115
1865 835
2078 953
1614 284
