3180 1011
1610 479
414 9
1500 1018
1490 463
2708 2
3468 901
1347 447
525 894
5 1089
1123 574
2459 231
511 50
370 116
570 614
1162 1086
939 938
1371 262
824 40
2968 796
778 261
2473 1053
169 107
1697 650
1757 217
2177 493
1516 403
1968 877
1260 544
1553 101
3815 279
637 809
116 455
558 308
101 850
2733 330
319 91
1798 134
1363 926
107 213
1790 434
1161 286
1865 835
646 128
1614 284
1655 491
3432 1055
2843 564
44 767
794 931
3606 657
2191 215
946 621
1359 62
2061 567
2112 469
2308 745
2410 1056
258 995
1238 185
944 983
427 1105
761 27
2475 188
2237 578
242 468
3283 977
1126 600
2386 539
1102 825
236 710
607 407
781 238
3136 732
3102 361
2588 559
1272 1104
1276 249
976 327
943 38
928 430
970 1000
358 424
2605 1116
1419 607
2064 798
3075 792
3891 909
2699 242
2326 399
2209 684
204 442
8 329
1633 257
2490 81
2033 277
1907 1020
1720 243
687 319
3184 505
337 304
1768 1031
3044 165
385 764
2486 420
1709 166
462 109
1442 1008
1774 1030
3574 0
2378 172
228 345
2432 1112
1179 545
255 67
356 718
1835 357
2580 335
2164 467
283 874
269 431
3686 773
1149 760
2776 580
1230 114
2484 193
90 508
1096 705
1836 358
1507 654
830 502
2516 944
458 95
2324 934
579 725
1549 28
398 546
3372 425
2612 813
722 914
3601 689
3317 1115
2160 115
3807 939
2161 208
334 462
3248 311
606 376
2361 659
2729 866
2988 646
2082 783
857 96
3494 393
1032 1090
165 864
2530 43
1307 113
1785 759
930 862
1739 248
1622 1022
694 1042
1027 252
310 56
2622 956
677 804
