899 949
1318 1066
2464 619
89 509
3633 281
1495 98
1079 942
2039 175
1946 999
996 548
2565 1050
2265 846
1844 382
364 928
474 406
524 267
2489 76
1579 389
1307 113
2685 620
525 894
432 636
659 490
27 966
416 111
81 437
1508 1091
2708 2
2631 838
2490 81
2949 833
32 211
2371 404
406 543
1494 102
80 178
44 767
622 755
3396 629
496 1047
2029 1023
2573 606
938 663
2440 917
802 147
757 834
1178 823
3174 1
2482 829
1142 1010
255 67
2709 117
1591 984
1967 473
868 750
270 244
1089 339
133 482
647 439
971 1111
606 376
3000 925
965 576
1632 858
974 695
1622 1022
3007 1007
181 886
2594 569
1299 550
1697 650
2926 348
968 537
1389 668
704 422
2064 798
2623 1075
2858 950
2249 644
3276 263
536 135
1853 246
1826 275
1194 42
598 209
2498 196
3775 594
2048 386
3601 689
2034 6
2657 1098
1953 487
1164 276
3130 627
1669 1072
1657 390
3024 460
1952 486
2150 10
1254 506
723 206
1465 770
2261 1096
1816 387
1305 892
3005 946
2432 1112
1375 1077
2164 467
246 678
233 781
2374 641
272 309
1660 251
90 508
3759 697
2250 1012
1989 707
830 502
2114 1084
952 465
2386 539
3334 970
2613 752
843 105
2717 716
2982 182
3685 974
2026 867
1541 653
761 27
2744 31
2232 391
1703 324
3825 930
934 218
1288 61
982 37
3372 425
1332 728
1113 824
268 929
1524 388
2246 735
2078 953
1050 976
1290 225
1917 910
943 38
224 1003
962 933
154 203
1835 357
736 341
3222 682
701 526
2620 889
3006 187
3869 692
2662 912
271 296
1313 325
2957 671
1263 1014
1954 1004
3642 861
641 124
