169 107
2374 641
3581 908
2074 903
2161 208
3338 686
510 1026
1884 652
2707 975
3276 263
2662 912
3450 1071
1375 1077
2472 485
2842 731
2063 799
1723 1016
1475 803
1387 666
969 1002
1619 1054
1519 595
1151 762
1999 24
3673 566
2143 65
2064 798
791 727
3685 974
248 344
952 465
3538 475
1243 701
392 21
85 139
3567 935
2746 802
3295 598
830 502
1323 869
661 256
701 526
3061 800
904 1099
757 834
935 253
2988 646
1913 881
3007 1007
1771 148
2592 630
2225 602
2605 1116
1657 390
80 178
1666 58
340 596
2316 476
2641 987
2919 810
41 60
659 490
408 366
1827 413
3264 317
2772 911
732 921
782 239
1789 83
570 614
3901 323
2949 833
1640 703
3203 713
474 406
1097 334
2246 735
870 504
1907 1020
1025 531
822 795
231 194
2736 571
1110 535
1852 593
443 33
961 788
1509 964
2378 172
246 678
2586 1028
123 104
2344 179
609 198
2249 644
3334 970
2717 716
360 969
1969 300
2713 510
2044 709
2265 846
637 809
2684 765
1558 1032
2626 961
254 190
1540 1088
3246 349
523 979
2033 277
2412 902
2516 944
968 537
1231 793
186 400
1306 118
39 70
341 151
1861 841
721 632
1237 1040
3180 1011
2471 658
364 928
114 898
1728 847
2125 220
227 1006
3640 291
330 843
1739 248
2287 245
1146 761
2202 477
1614 284
548 30
1991 496
2698 35
1639 830
1777 1064
773 1005
1632 858
1627 173
1974 766
3429 274
857 96
3633 281
1401 560
1572 164
180 464
695 690
513 1103
1059 570
2360 488
2104 660
2456 855
1914 913
260 472
1280 241
1230 114
181 886
1972 1106
1946 999
2 12
1964 258
1064 336
2365 1021
2438 177
934 218
2363 278
1111 322
2058 378
599 495
104 46
2537 412
3494 393
662 589
2492 85
1722 1017
2982 182
2116 68
2778 951
407 1068
2297 882
2460 586
1113 824
1893 23
1524 388
3642 861
72 848
3587 201
1263 1014
1574 236
2959 450
1219 981
3175 363
1965 879
2700 905
173 601
1553 101
1281 500
2926 348
236 710
1363 926
1128 591
115 753
270 244
258 995
2346 775
2890 968
1613 283
2359 1082
2150 10
73 435
116 455
974 695
1951 1051
784 592
2026 867
864 103
1041 265
1774 1030
