2078 953
1670 1073
2067 954
2044 709
1292 227
335 303
558 308
2029 1023
235 127
783 237
3894 754
416 111
3287 1034
2470 484
3599 316
1493 99
2713 510
599 495
427 1105
3338 686
2023 159
2125 220
2177 493
270 244
1153 553
2152 780
2432 1112
529 1074
2158 207
3574 0
552 603
1735 552
2167 498
2231 958
1786 385
1132 585
2441 891
555 533
2017 857
3181 280
2683 534
1231 793
2150 10
2827 515
962 933
1768 1031
3640 291
320 369
385 764
2306 828
38 41
302 899
447 380
1488 268
219 511
1578 617
72 848
625 394
2106 840
2493 63
511 50
1907 1020
1206 540
1022 449
2697 849
265 542
1845 645
1297 551
619 808
2699 242
1766 454
3317 1115
1364 143
1764 157
1326 643
701 526
2729 866
1316 852
598 209
2662 912
271 296
972 696
1614 284
1657 390
2205 831
1291 230
747 820
1853 246
2296 287
3581 908
3182 1013
3424 36
1387 666
664 1037
3201 1024
2064 798
1908 776
961 788
2252 145
622 755
3044 165
66 372
2953 204
361 66
1220 724
2058 378
234 978
1664 626
1030 1081
3557 789
80 178
2855 184
948 612
1752 1080
848 1070
439 815
2202 477
1436 778
1238 185
169 107
3604 106
794 931
3235 125
1009 312
2313 212
974 695
1553 101
3468 901
2590 702
813 648
1640 703
1363 926
2962 170
3031 736
3839 1069
1952 486
2316 476
258 995
1797 870
2733 330
2594 569
2502 426
3585 517
1164 276
870 504
857 96
617 994
376 965
2116 68
230 446
2324 934
851 751
89 509
3101 959
1798 134
40 343
1573 163
2536 415
2999 1035
653 259
45 367
976 327
3606 657
422 429
1912 880
2129 132
104 46
200 54
3681 555
2076 952
2620 889
2097 321
899 949
629 362
5 1089
474 406
1973 853
2117 779
1904 538
1772 554
1482 730
2439 471
1085 743
2956 721
3771 791
1016 57
2746 802
1323 869
2169 782
1809 623
1552 868
81 437
800 749
978 624
802 147
1792 433
3333 948
513 1103
1272 1104
1739 248
2475 188
3334 970
965 576
2883 302
3891 909
2938 359
3755 456
2626 961
954 74
1142 1010
2742 410
928 430
1388 667
981 549
1036 451
2955 328
2949 833
2988 646
1242 722
2233 558
2378 172
2310 712
2530 43
